1  2.236641  7.000000  4.375000  1.600000
1  1.392114  4.383838  2.443694  1.793939
1  1.571864  6.964646  4.266708  1.632323
1  1.884219  4.702020  2.518939  1.866667
1  2.163374  5.338384  2.847522  1.874747
1  2.877421  4.914141  2.571353  1.911111
1  2.257952  5.550505  3.052778  1.818182
1  9.256992  6.787879  3.888889  1.745455
1  1.896034  6.186869  3.628555  1.705051
1  3.909085  6.116162  3.180147  1.923232
1  3.522403  6.929293  4.319899  1.604040
1  3.023303  6.398990  3.910494  1.636364
1  2.624611  4.949495  2.505112  1.975758
1  5.890688  4.101010  2.344111  1.749495
1  5.830760  3.570707  2.074531  1.721212
1  4.992849  4.313131  2.404279  1.793939
1  3.625501  3.500000  1.819853  1.923232
1  3.929671  4.136364  2.397541  1.725253
1  6.587275  5.444444  3.141026  1.733333
1  7.467194  6.116162  3.076728  1.987879
1  1.477167  6.257576  3.295213  1.898990
1  1.277822  6.929293  3.464646  2.000000
1  14.113765  3.606061  1.806680  1.995960
1  2.453504  3.712121  2.023678  1.834343
1  3.172998  4.631313  2.671911  1.733333
1  2.968146  3.606061  1.844008  1.955556
1  2.948150  5.444444  2.824948  1.927273
1  7.702499  3.994949  2.484296  1.608081
1  7.185469  3.535354  1.782077  1.983838
1  3.394696  6.257576  3.901134  1.604040
1  5.652932  5.090909  2.555781  1.991919
1  6.952128  6.575758  4.068750  1.616162
1  1.840258  6.222222  3.869347  1.608081
1  6.065714  5.904040  3.142473  1.878788
1  3.540263  3.500000  2.160224  1.620202
1  3.048246  5.267677  2.655295  1.983838
1  1.000000  5.939394  3.114407  1.907071
1  1.550266  5.303030  2.903761  1.826263
1  1.571496  5.090909  2.896552  1.757576
1  12.311770  3.959596  2.080679  1.903030
1  1.517853  4.843434  2.827241  1.713131
1  8.950267  6.752525  3.747197  1.802020
1  2.717267  5.868687  3.083864  1.903030
1  15.854621  3.606061  1.814024  1.987879
1  3.190047  5.303030  3.240741  1.636364
1  4.514104  3.570707  1.912879  1.866667
1  5.998715  4.914141  2.482143  1.979798
1  1.000000  3.959596  2.305882  1.717172
1  1.570185  7.000000  4.267241  1.640404
1  12.137731  6.823232  3.786435  1.802020
1  5.092109  3.853535  2.233607  1.725253
1  33.796171  5.479798  2.935606  1.866667
1  13.121828  3.570707  1.799898  1.983838
1  3.313909  5.762626  3.504300  1.644444
1  2.474042  6.257576  3.833540  1.632323
1  1.000000  6.222222  3.208333  1.939394
1  2.451017  4.207071  2.609649  1.612121
1  8.175867  4.065657  2.362089  1.721212
1  5.749635  5.585859  3.291667  1.696970
1  26.082372  3.994949  2.013747  1.983838
1  3.526430  6.469697  3.812500  1.696970
1  3.593203  3.818182  2.123596  1.797980
1  2.825256  3.924242  2.148783  1.826263
1  7.702316  4.030303  2.069502  1.947475
1  7.429449  4.489899  2.254057  1.991919
1  4.021209  5.303030  2.816524  1.882828
1  7.512489  3.818182  2.362500  1.616162
1  5.810710  3.676768  1.880165  1.955556
1  30.849726  5.479798  2.861287  1.915152
1  11.703826  3.853535  1.991127  1.935354
1  2.835179  5.833333  3.405071  1.713131
1  32.494508  5.550505  3.032561  1.830303
1  10.214639  3.641414  1.905391  1.911111
1  3.354553  4.171717  2.234848  1.866667
1  3.134369  3.641414  1.835540  1.983838
1  1.000000  4.277778  2.321820  1.842424
1  8.142762  3.676768  1.884058  1.951515
1  2.732263  5.515152  3.189252  1.729293
1  3.797687  6.858586  4.170762  1.644444
1  1.245618  5.797980  3.112798  1.862626
1  1.899909  4.560606  2.536517  1.797980
1  1.107375  6.681818  4.053309  1.648485
1  3.606357  5.090909  2.992874  1.701010
1  1.992088  5.868687  3.164488  1.854545
1  1.600517  6.646465  3.507463  1.894949
1  7.365471  6.292929  3.231328  1.947475
1  7.784739  3.641414  2.043651  1.781818
1  1.191977  6.611111  3.770161  1.753535
1  4.659748  3.853535  1.946429  1.979798
1  15.609179  4.383838  2.608173  1.680808
1  15.542669  3.570707  2.226071  1.604040
1  7.374768  4.843434  2.617358  1.850505
1  1.255843  3.924242  1.990266  1.971717
1  2.747225  7.000000  4.331250  1.616162
1  1.477689  4.878788  2.808140  1.737374
1  2.206423  4.101010  2.071429  1.979798
1  23.383264  5.409091  2.737730  1.975758
1  6.959351  3.676768  2.182254  1.684848
1  5.958892  3.535354  1.782077  1.983838
1  11.792956  3.500000  1.827532  1.915152
1  4.839321  6.505051  3.879518  1.676768
1  20.002151  3.606061  2.225686  1.620202
1  1.173689  4.772727  2.792553  1.709091
1  2.421513  4.171717  2.587719  1.612121
1  14.249872  3.818182  2.002119  1.907071
1  1.000000  6.964646  3.554124  1.959596
1  11.270113  4.772727  2.430556  1.963636
1  6.211863  4.030303  2.493750  1.616162
1  2.665191  6.116162  3.728448  1.640404
1  3.632477  6.575758  3.875000  1.696970
1  1.310553  6.858586  3.866743  1.773737
1  6.731466  4.277778  2.363281  1.810101
1  27.735807  4.171717  2.187500  1.907071
1  1.400913  5.621212  3.435185  1.636364
1  7.321611  5.939394  3.288591  1.806061
1  3.237884  7.000000  4.235941  1.652525
1  7.346859  3.747475  1.896728  1.975758
1  13.097361  5.196970  2.619654  1.983838
1  3.449343  3.535354  1.785714  1.979798
1  1.116208  4.136364  2.391939  1.729293
1  14.382459  3.500000  1.916482  1.826263
1  1.210862  5.444444  3.170588  1.717172
1  1.015364  6.893939  3.577044  1.927273
1  5.304219  6.434343  3.381104  1.903030
1  11.413943  5.550505  2.967063  1.870707
1  4.865008  4.207071  2.334641  1.802020
1  2.909281  6.363636  3.723404  1.709091
1  2.541376  4.984848  2.849307  1.749495
1  1.000000  6.398990  3.265464  1.959596
1  3.255838  4.702020  2.502688  1.878788
1  5.261232  4.843434  3.027146  1.600000
1  3.735483  5.409091  3.355263  1.612121
1  2.745667  5.303030  3.059441  1.733333
1  1.638113  4.843434  2.736872  1.769697
1  5.834016  4.843434  2.545117  1.903030
1  2.164936  6.858586  4.140244  1.656566
1  1.331180  6.964646  4.256173  1.636364
1  2.008212  5.232323  2.632114  1.987879
1  1.766831  5.232323  3.039906  1.721212
1  6.651433  3.641414  1.989514  1.830303
1  2.043156  6.010101  3.411697  1.761616
1  8.007164  6.717172  4.187657  1.604040
1  1.153719  6.505051  3.684211  1.765657
1  2.741990  6.328283  3.551587  1.781818
1  2.269400  4.313131  2.223958  1.939394
1  2.149207  4.065657  2.066222  1.967677
1  1.868413  3.570707  1.792596  1.991919
1  2.121809  3.500000  1.866918  1.874747
1  5.468019  6.929293  4.203431  1.648485
1  6.506953  3.782828  1.899087  1.991919
1  1.368972  7.000000  4.331250  1.616162
1  2.130776  4.914141  2.909689  1.688889
1  2.394075  6.434343  3.855932  1.668687
1  27.522088  3.500000  1.800936  1.943434
1  8.884703  6.611111  4.080424  1.620202
1  1.335667  7.000000  4.375000  1.600000
1  6.367841  4.313131  2.655473  1.624242
1  8.314936  4.030303  2.027439  1.987879
1  2.714756  5.161616  2.596545  1.987879
1  3.511502  5.762626  3.379739  1.705051
1  2.879700  6.257576  3.661348  1.709091
1  4.505868  4.242424  2.592593  1.636364
1  6.326924  5.126263  2.909977  1.761616
1  16.066661  4.984848  2.554348  1.951515
1  11.611917  4.525253  2.539683  1.781818
1  4.115121  4.737374  2.373482  1.995960
1  1.188208  4.984848  2.735588  1.822222
1  2.125772  4.383838  2.739899  1.600000
1  3.694338  4.595960  2.843750  1.616162
1  4.277738  5.974747  3.250000  1.838384
1  36.279439  3.606061  1.836420  1.963636
1  1.844703  5.232323  3.098086  1.688889
1  4.232526  6.681818  3.900354  1.713131
1  5.152771  6.116162  3.471904  1.761616
1  2.104452  6.540404  3.415084  1.915152
1  8.107470  5.762626  2.934671  1.963636
1  5.243092  3.641414  1.828093  1.991919
1  7.684763  3.535354  1.902174  1.858586
1  4.871697  6.328283  3.711493  1.705051
1  29.301684  3.500000  2.097458  1.668687
1  4.535486  3.994949  2.343009  1.705051
1  7.243648  3.570707  1.955199  1.826263
1  1.000000  5.232323  2.773019  1.886869
1  1.264488  6.787879  3.435583  1.975758
1  2.448969  5.267677  2.666155  1.975758
1  5.793571  3.535354  1.842105  1.919192
1  9.917013  5.974747  3.615526  1.652525
1  9.392808  5.409091  3.049544  1.773737
1  14.495704  3.924242  2.386364  1.644444
1  2.149426  6.045455  3.041159  1.987879
1  7.705630  6.505051  3.936430  1.652525
1  3.888416  4.419192  2.337073  1.890909
1  1.771252  6.540404  3.790984  1.725253
1  1.436602  6.222222  3.130081  1.987879
1  13.989375  6.080808  3.115942  1.951515
1  4.590808  4.525253  2.786070  1.624242
1  2.632676  5.762626  2.940722  1.959596
1  32.443977  3.676768  1.923890  1.911111
1  2.182280  4.489899  2.560484  1.753535
1  10.098312  5.904040  3.690025  1.600000
1  6.541700  4.383838  2.251037  1.947475
1  3.321203  3.782828  1.942427  1.947475
1  2.393630  6.646465  3.607456  1.842424
1  2.102816  5.868687  2.958248  1.983838
1  6.802079  5.656566  2.828283  2.000000
1  3.033075  6.893939  4.005282  1.721212
1  3.488557  6.434343  3.981250  1.616162
1  11.541536  4.065657  2.266329  1.793939
1  8.108348  5.090909  2.614108  1.947475
1  47.791426  3.570707  1.796240  1.987879
1  7.121540  4.136364  2.290268  1.806061
1  14.192316  3.853535  1.995293  1.931313
1  4.597797  3.782828  2.009120  1.882828
1  4.089218  5.444444  2.860934  1.903030
1  1.646086  6.752525  4.096201  1.648485
1  10.759435  4.313131  2.191992  1.967677
1  2.601996  6.823232  3.446429  1.979798
1  16.733281  4.772727  2.481618  1.923232
1  2.005475  6.575758  3.820423  1.721212
1  11.037677  4.666667  2.366803  1.971717
1  5.639536  3.676768  1.838384  2.000000
1  4.296313  6.505051  3.898305  1.668687
1  1.000000  6.469697  3.480978  1.858586
1  1.000000  3.924242  2.010870  1.951515
1  1.000000  4.065657  2.178030  1.866667
1  1.381584  7.000000  4.047897  1.729293
1  1.000000  4.525253  2.562929  1.765657
1  8.024851  5.267677  2.704876  1.947475
1  20.667763  3.818182  2.344913  1.628283
1  28.973494  3.535354  1.988636  1.777778
1  1.383489  5.939394  3.107822  1.911111
1  4.886744  6.717172  3.598485  1.866667
1  15.427892  3.924242  2.363139  1.660606
1  5.170960  3.535354  1.771255  1.995960
1  4.464632  5.267677  2.834239  1.858586
1  7.916820  5.656566  2.851324  1.983838
1  11.168716  5.444444  3.104839  1.753535
1  5.320211  4.454545  2.581967  1.725253
1  7.457235  3.712121  2.320076  1.600000
1  4.312776  4.171717  2.406760  1.733333
1  3.710817  3.747475  2.312968  1.620202
1  3.512308  6.717172  3.920991  1.713131
1  7.035200  5.409091  2.754630  1.963636
1  5.785887  3.888889  2.412281  1.612121
1  2.349046  3.500000  1.778747  1.967677
1  5.208511  6.540404  3.977273  1.644444
1  2.543018  6.080808  3.382022  1.797980
1  4.881600  5.515152  3.250000  1.696970
1  6.676414  4.030303  2.113347  1.907071
1  5.241181  6.893939  4.233871  1.628283
1  3.823486  6.222222  3.701923  1.680808
1  3.537236  6.328283  3.276674  1.931313
1  4.052536  5.196970  3.033608  1.713131
1  3.173597  7.000000  4.375000  1.600000
1  1.572474  6.929293  3.828125  1.810101
1  10.414578  4.489899  2.244949  2.000000
1  1.637051  7.000000  4.375000  1.600000
1  3.783808  4.419192  2.435969  1.814141
1  3.915752  4.843434  2.446429  1.979798
1  6.271852  4.914141  2.795977  1.757576
1  7.846385  5.232323  3.068720  1.705051
1  1.217438  3.606061  1.871069  1.927273
1  2.046153  4.560606  2.668440  1.709091
1  1.000000  4.207071  2.107794  1.995960
1  6.378083  6.045455  3.385181  1.785859
1  13.426242  6.292929  3.808068  1.652525
1  1.951985  5.090909  2.863636  1.777778
1  1.092261  4.737374  2.714120  1.745455
1  4.288228  6.964646  3.628947  1.919192
1  8.053937  4.171717  2.555693  1.632323
1  2.661608  6.964646  4.277295  1.628283
1  1.385447  3.994949  2.411585  1.656566
1  8.525774  4.030303  2.149784  1.874747
1  1.421698  6.858586  4.013002  1.709091
1  1.476133  6.434343  3.660920  1.757576
1  4.366372  6.752525  4.178125  1.616162
1  1.565333  6.929293  4.122596  1.680808
1  1.000000  6.611111  3.339286  1.979798
1  2.572916  6.611111  3.604075  1.834343
1  1.610933  5.090909  2.680851  1.898990
1  1.611801  6.964646  3.517857  1.979798
1  2.348234  6.646465  3.861502  1.721212
1  3.903888  5.126263  2.985294  1.717172
1  9.451674  4.772727  2.690774  1.773737
1  1.000000  4.843434  2.545117  1.903030
1  11.339675  3.676768  1.849593  1.987879
1  2.125803  5.409091  3.179929  1.701010
1  1.627789  6.010101  3.709476  1.620202
1  3.616181  5.656566  3.535354  1.600000
1  2.723282  6.893939  4.024175  1.713131
1  9.274661  3.641414  1.889413  1.927273
1  13.590912  4.631313  2.444030  1.894949
1  4.599655  5.020202  3.083127  1.628283
1  8.761731  3.676768  2.192771  1.676768
1  1.054391  4.454545  2.715517  1.640404
1  7.636089  6.787879  3.835616  1.769697
1  8.270692  6.787879  3.962264  1.713131
1  4.549340  5.444444  3.270631  1.664646
1  4.976396  4.348485  2.670596  1.628283
1  7.485511  5.585859  3.447631  1.620202
1  1.731508  5.409091  3.338529  1.620202
1  2.706416  4.949495  2.882353  1.717172
1  7.872868  5.621212  3.312500  1.696970
1  9.586433  3.641414  2.156100  1.688889
1  13.563649  3.712121  2.262931  1.640404
1  2.825631  6.787879  4.127764  1.644444
1  2.400329  5.833333  3.311353  1.761616
1  21.217932  4.383838  2.308511  1.898990
1  1.474458  3.994949  2.140152  1.866667
1  14.376424  3.570707  1.792596  1.991919
1  1.036401  6.823232  4.232456  1.612121
1  3.338952  7.000000  4.363980  1.604040
1  5.334457  3.606061  1.817719  1.983838
1  1.401478  3.888889  2.412281  1.612121
1  5.198106  6.045455  3.231641  1.870707
1  12.159312  6.646465  3.781609  1.757576
1  4.921611  3.888889  2.359069  1.648485
1  2.291737  5.444444  2.801455  1.943434
1  45.464990  4.808081  2.443532  1.967677
1  4.311358  3.782828  1.918545  1.971717
1  5.231502  4.348485  2.178644  1.995960
1  2.263948  4.772727  2.684659  1.777778
2  1.000000  6.611111  4.131944  1.600000
2  1.234202  6.858586  3.755531  1.826263
2  2.126002  4.207071  2.164761  1.943434
2  1.297710  4.914141  2.937802  1.672727
2  1.000000  5.868687  3.316210  1.769697
2  2.191921  4.595960  2.567720  1.789899
2  1.000000  5.515152  3.353808  1.644444
2  1.000000  3.924242  1.994353  1.967677
2  1.088076  5.727273  3.407452  1.680808
2  2.496649  5.762626  3.521605  1.636364
2  2.006492  5.515152  2.916667  1.890909
2  1.427270  4.242424  2.375566  1.785859
2  1.488032  7.000000  4.375000  1.600000
2  1.000000  4.878788  2.875000  1.696970
2  1.431003  4.171717  2.094320  1.991919
2  1.901612  6.787879  3.758389  1.806061
2  1.793199  5.621212  2.991935  1.878788
2  1.173586  4.065657  2.509352  1.620202
2  1.515161  4.772727  2.867112  1.664646
2  1.000000  6.469697  4.043561  1.600000
2  1.784753  5.904040  3.057008  1.931313
2  4.155468  7.000000  4.375000  1.600000
2  1.130145  7.000000  4.375000  1.600000
2  1.622556  6.186869  3.093434  2.000000
2  1.588416  3.924242  2.036164  1.927273
2  1.947455  6.823232  4.139093  1.648485
2  1.764794  4.984848  2.497470  1.995960
2  1.350767  6.292929  3.933081  1.600000
2  1.000000  7.000000  4.375000  1.600000
2  1.897677  4.984848  2.664687  1.870707
2  1.000000  3.500000  1.816038  1.927273
2  1.056469  6.222222  3.888889  1.600000
2  1.105683  3.570707  1.912879  1.866667
2  1.000000  4.631313  2.894571  1.600000
2  1.349503  5.090909  2.603306  1.955556
2  1.000000  3.712121  1.894330  1.959596
2  5.073674  6.505051  3.569845  1.822222
2  3.130235  3.959596  1.991870  1.987879
2  1.599655  4.348485  2.246868  1.935354
2  1.674644  4.313131  2.572289  1.676768
2  1.456587  6.858586  3.634904  1.886869
2  1.000000  7.000000  4.375000  1.600000
2  1.000000  7.000000  4.375000  1.600000
2  1.156434  7.000000  4.375000  1.600000
2  1.132352  6.858586  4.070743  1.684848
2  1.984882  6.045455  3.588129  1.684848
2  1.000000  7.000000  4.375000  1.600000
2  1.414194  6.257576  3.891332  1.608081
2  1.858275  7.000000  4.375000  1.600000
2  1.366320  5.090909  2.889908  1.761616
2  1.000000  3.676768  1.923890  1.911111
2  3.409185  5.585859  3.237705  1.725253
2  1.413825  6.929293  4.319899  1.604040
2  1.000000  3.747475  1.912371  1.959596
2  1.000000  5.762626  3.100543  1.858586
2  2.745219  6.045455  3.176752  1.903030
2  1.000000  7.000000  4.375000  1.600000
2  2.537255  5.833333  3.591418  1.624242
2  1.105409  6.292929  3.855198  1.632323
2  4.104870  7.000000  4.353015  1.608081
2  1.284299  5.055556  3.159722  1.600000
2  1.000000  7.000000  4.375000  1.600000
2  1.158959  6.434343  3.912776  1.644444
2  1.000000  7.000000  4.375000  1.600000
2  1.414481  3.712121  1.922071  1.931313
2  1.018982  5.196970  2.652062  1.959596
2  1.000000  5.515152  2.831950  1.947475
2  1.000000  6.611111  4.131944  1.600000
2  1.980652  6.257576  3.910985  1.600000
2  1.228058  4.525253  2.429501  1.862626
2  1.000000  7.000000  4.375000  1.600000
2  1.000000  5.939394  3.024691  1.963636
2  1.761792  6.540404  3.881894  1.684848
2  1.711873  5.550505  3.247636  1.709091
2  2.987108  7.000000  4.375000  1.600000
2  1.322721  6.434343  3.903186  1.648485
2  2.566169  6.858586  3.443205  1.991919
2  1.987277  3.570707  1.896459  1.882828
2  1.000000  7.000000  4.375000  1.600000
2  1.030168  5.904040  3.328588  1.773737
2  2.631619  6.151515  3.844697  1.600000
2  1.022814  6.646465  4.143577  1.604040
2  2.138177  6.045455  3.622881  1.668687
2  1.000000  4.984848  2.497470  1.995960
2  1.175242  5.939394  3.387097  1.753535
2  1.172021  7.000000  4.375000  1.600000
2  1.000000  6.717172  3.986811  1.684848
2  1.904747  6.823232  3.663232  1.862626
2  2.555469  5.656566  2.941176  1.923232
2  1.133376  5.762626  3.363797  1.713131
2  1.826446  4.984848  3.046296  1.636364
2  2.221026  5.090909  2.560976  1.987879
2  1.000000  3.959596  2.058824  1.923232
2  1.264105  7.000000  4.038462  1.733333
2  1.283143  7.000000  4.375000  1.600000
2  2.264982  5.479798  3.117816  1.757576
2  3.048943  5.020202  2.817460  1.781818
2  1.062428  7.000000  4.375000  1.600000
2  1.663622  5.939394  3.310811  1.793939
2  1.355282  3.500000  1.812238  1.931313
2  1.000000  4.489899  2.458518  1.826263
2  1.448902  6.611111  4.000611  1.652525
2  1.215273  6.681818  3.375000  1.979798
2  1.000000  3.747475  2.117580  1.769697
2  1.000000  5.444444  2.891631  1.882828
2  1.087820  7.000000  4.256757  1.644444
2  1.458300  4.984848  2.647532  1.882828
2  1.000000  3.994949  2.417482  1.652525
2  2.189833  6.717172  4.135572  1.624242
2  1.000000  4.737374  2.720418  1.741414
2  1.904433  5.974747  3.734217  1.600000
2  1.137870  6.045455  3.392857  1.781818
2  1.000000  5.126263  3.179825  1.612121
2  1.439695  4.207071  2.438525  1.725253
2  1.000000  3.500000  1.870950  1.870707
2  1.521792  5.797980  3.614610  1.604040
2  1.000000  3.535354  1.898048  1.862626
2  1.000000  7.000000  4.375000  1.600000
2  1.000000  6.717172  3.752822  1.789899
2  5.553646  5.090909  2.630480  1.935354
2  2.405577  3.500000  2.187500  1.600000
2  1.000000  5.621212  3.198276  1.757576
2  1.000000  3.500000  2.187500  1.600000
2  1.763422  5.055556  2.856735  1.769697
2  1.299767  3.818182  2.023555  1.886869
2  4.251388  3.818182  1.936475  1.971717
2  1.160937  4.101010  2.563131  1.600000
2  3.308250  5.939394  3.371560  1.761616
2  1.000000  5.868687  3.667929  1.600000
2  1.944620  4.949495  2.848837  1.737374
2  1.911859  5.833333  3.125000  1.866667
2  2.543994  6.080808  3.404977  1.785859
2  1.023392  4.348485  2.474138  1.757576
2  1.000000  6.929293  4.330808  1.600000
2  1.000000  6.611111  3.526401  1.874747
2  1.000000  7.000000  4.375000  1.600000
2  1.115655  4.808081  2.423625  1.983838
2  1.000000  4.737374  2.617187  1.810101
2  4.511801  6.540404  4.057018  1.612121
2  1.000000  4.666667  2.866005  1.628283
2  1.000000  4.419192  2.312368  1.911111
2  1.455121  6.929293  3.618143  1.915152
2  2.319436  4.348485  2.434955  1.785859
2  1.000000  4.207071  2.210722  1.903030
2  1.000000  3.570707  2.155488  1.656566
2  1.000000  6.575758  3.485011  1.886869
2  2.116825  4.949495  2.740492  1.806061
2  1.395649  4.242424  2.651515  1.600000
2  1.710181  6.469697  4.043561  1.600000
2  1.000000  3.747475  2.151972  1.741414
2  1.000000  4.843434  3.027146  1.600000
2  2.114824  4.595960  2.689125  1.709091
2  1.106793  7.000000  4.375000  1.600000
2  1.409580  3.570707  1.981502  1.802020
2  1.000000  6.398990  3.959375  1.616162
2  1.759119  6.505051  3.726852  1.745455
2  1.489585  7.000000  4.342105  1.612121
2  1.269032  4.419192  2.255155  1.959596
2  1.000000  7.000000  4.375000  1.600000
2  6.063690  5.020202  2.811086  1.785859
2  2.207426  3.676768  1.956989  1.878788
2  1.000000  5.373737  2.725410  1.971717
2  2.752688  4.454545  2.345745  1.898990
2  2.126138  5.161616  3.162129  1.632323
2  1.000000  3.782828  2.000534  1.890909
2  1.084164  5.515152  3.273381  1.684848
2  3.641067  5.904040  3.044271  1.939394
2  1.000000  7.000000  4.375000  1.600000
2  3.126381  6.646465  4.154040  1.600000
2  1.000000  7.000000  4.154676  1.684848
2  1.388398  6.752525  4.209698  1.604040
2  1.478140  3.535354  2.039627  1.733333
2  1.000000  6.505051  4.065657  1.600000
2  2.715022  6.151515  3.844697  1.600000
2  2.798763  6.540404  4.026741  1.624242
2  1.849970  7.000000  4.375000  1.600000
2  2.421758  4.843434  2.768476  1.749495
2  3.272687  6.717172  3.967780  1.692929
2  1.733061  7.000000  4.375000  1.600000
2  1.000000  3.535354  1.789366  1.975758
2  1.096463  5.762626  2.928645  1.967677
2  1.520793  4.914141  3.071338  1.600000
2  1.860810  5.974747  3.061594  1.951515
2  1.961273  4.419192  2.549534  1.733333
2  1.381530  4.419192  2.430556  1.818182
2  2.242773  6.292929  3.572248  1.761616
2  2.120725  6.010101  3.700249  1.624242
2  5.660419  6.257576  3.206522  1.951515
2  1.709590  6.151515  3.750000  1.640404
2  1.442153  4.772727  2.584792  1.846465
2  7.039636  6.540404  3.344525  1.955556
2  2.011825  6.681818  3.402778  1.963636
2  6.244228  3.782828  2.004818  1.886869
2  1.499145  7.000000  4.375000  1.600000
2  1.306025  6.929293  4.132530  1.676768
2  1.000000  3.500000  2.187500  1.600000
2  1.000000  4.101010  2.255556  1.818182
2  1.810456  7.000000  4.375000  1.600000
2  1.000000  4.560606  2.713341  1.680808
2  1.000000  3.500000  1.750000  2.000000
2  1.000000  6.010101  3.298226  1.822222
2  1.000000  5.904040  3.608025  1.636364
2  1.577168  6.681818  4.176136  1.600000
2  1.195241  5.090909  3.181818  1.600000
2  1.833344  6.186869  3.144251  1.967677
2  1.042139  6.823232  4.264520  1.600000
2  1.000000  5.232323  3.270202  1.600000
2  2.536833  7.000000  4.076471  1.717172
2  3.046127  6.434343  4.021465  1.600000
2  1.039924  6.328283  3.955177  1.600000
2  1.000000  6.717172  4.198232  1.600000
2  1.940010  6.292929  3.717184  1.692929
2  1.810613  7.000000  4.375000  1.600000
2  1.560409  5.303030  2.780720  1.907071
2  3.491139  5.409091  2.860577  1.890909
2  1.445090  5.797980  3.231982  1.793939
2  1.860450  6.010101  3.459302  1.737374
2  1.000000  7.000000  4.375000  1.600000
2  1.000000  7.000000  4.375000  1.600000
2  1.984654  6.929293  4.287500  1.616162
2  1.000000  4.419192  2.218560  1.991919
2  2.578222  6.929293  4.287500  1.616162
2  2.985026  3.570707  1.818416  1.963636
2  1.000000  4.383838  2.633495  1.664646
2  1.000000  6.787879  3.708609  1.830303
2  3.418231  7.000000  4.309701  1.624242
2  1.000000  6.611111  4.131944  1.600000
2  1.000000  5.444444  2.722222  2.000000
2  1.113870  5.833333  3.591418  1.624242
2  1.007072  4.595960  2.307302  1.991919
2  1.000000  6.611111  3.971481  1.664646
2  1.000000  4.595960  2.311992  1.987879
2  1.000000  3.606061  2.135167  1.688889
2  1.000000  6.469697  3.943966  1.640404
2  2.063953  6.045455  3.252717  1.858586
2  1.488208  6.964646  3.561467  1.955556
2  4.796647  6.540404  3.473712  1.882828
2  1.000000  4.808081  3.005051  1.600000
2  1.000000  7.000000  4.375000  1.600000
2  2.236073  6.893939  3.940531  1.749495
2  1.000000  6.646465  3.463158  1.919192
2  1.000000  3.747475  1.892857  1.979798
2  2.061289  6.929293  3.580376  1.935354
2  1.000000  4.914141  2.544456  1.931313
2  2.086466  5.090909  2.641509  1.927273
2  1.000000  6.929293  3.969907  1.745455
2  1.000000  6.787879  4.221106  1.608081
2  1.320025  4.878788  2.659692  1.834343
2  1.000000  4.949495  2.759009  1.793939
2  1.164283  6.964646  3.691113  1.886869
2  1.000000  6.964646  4.341940  1.604040
2  1.000000  5.055556  2.909884  1.737374
2  1.000000  7.000000  4.375000  1.600000
2  1.512124  4.030303  2.493750  1.616162
2  2.049022  6.186869  3.645833  1.696970
2  1.861117  5.656566  3.118040  1.814141
2  1.000000  3.818182  2.072368  1.842424
2  1.135010  4.525253  2.745098  1.648485
2  1.248214  3.641414  2.275884  1.600000
2  1.431185  6.929293  4.287500  1.616162
2  1.377420  6.964646  4.163647  1.672727
2  1.000000  5.479798  3.399123  1.612121
2  1.679808  5.762626  3.504300  1.644444
2  1.000000  6.328283  3.325372  1.903030
2  2.356112  6.505051  3.259109  1.995960
2  1.314427  5.409091  3.056507  1.769697
2  1.000000  7.000000  4.375000  1.600000
2  1.924191  5.691919  3.557449  1.600000
2  1.459513  3.747475  1.977612  1.894949
2  2.287111  7.000000  4.353015  1.608081
2  1.000000  5.550505  2.941649  1.886869
2  1.000000  6.611111  3.886580  1.701010
2  1.421419  4.772727  2.573529  1.854545
2  1.471811  6.328283  3.955177  1.600000
2  2.661524  5.338384  3.238358  1.648485
2  1.471541  6.116162  3.822601  1.600000
2  3.044516  3.535354  2.002288  1.765657
2  1.000000  5.656566  3.056769  1.850505
2  1.000000  3.959596  2.076271  1.907071
2  1.015400  4.560606  2.366352  1.927273
2  1.966025  6.257576  3.910985  1.600000
2  1.079625  3.641414  2.198171  1.656566
2  1.749697  4.313131  2.695707  1.600000
2  1.123416  5.797980  3.614610  1.604040
2  2.425889  7.000000  4.375000  1.600000
2  1.261048  3.570707  1.803571  1.979798
2  2.045337  5.797980  3.525799  1.644444
2  2.383815  4.984848  2.916667  1.709091
2  1.431426  4.808081  2.895377  1.660606
2  1.210829  6.540404  4.087753  1.600000
2  1.033047  7.000000  4.375000  1.600000
2  1.000000  7.000000  4.375000  1.600000
2  1.411523  6.292929  3.933081  1.600000
2  1.474566  4.595960  2.701900  1.701010
2  1.041721  3.924242  2.144040  1.830303
2  1.135039  7.000000  4.375000  1.600000
2  1.000000  6.186869  3.520115  1.757576
2  1.000000  7.000000  4.375000  1.600000
2  1.000000  7.000000  4.375000  1.600000
2  1.564381  6.681818  4.073276  1.640404
2  1.025546  7.000000  4.375000  1.600000
2  9.948680  4.737374  2.392857  1.979798
2  2.036084  6.257576  3.511905  1.781818
2  1.000000  6.787879  4.242424  1.600000
2  1.186674  3.500000  1.850962  1.890909
2  1.830062  5.338384  2.775735  1.923232
2  1.000000  5.656566  2.904564  1.947475
2  1.427651  5.585859  3.464912  1.612121
2  2.269580  6.080808  3.800505  1.600000
2  1.536534  3.959596  2.020619  1.959596
2  1.000000  3.924242  2.340361  1.676768
2  3.058063  4.348485  2.612257  1.664646
2  1.386007  3.641414  1.828093  1.991919
2  3.964226  6.328283  3.183435  1.987879
2  1.857987  5.444444  2.830882  1.923232
2  1.000000  6.045455  3.631675  1.664646
2  1.000000  6.858586  3.558700  1.927273
2  1.000000  3.853535  2.197581  1.753535
2  2.025340  6.116162  3.180147  1.923232
2  1.000000  3.818182  2.095344  1.822222
2  1.000000  5.267677  2.744737  1.919192
2  1.553693  4.631313  2.894571  1.600000
2  1.365085  6.222222  3.675418  1.692929
2  1.006402  5.691919  2.922718  1.947475
2  2.382833  6.010101  3.558612  1.688889
2  1.000000  6.858586  4.212159  1.628283
2  1.000000  6.858586  4.286616  1.600000
2  2.460384  6.681818  3.819284  1.749495
2  1.174367  6.575758  3.912260  1.680808
2  1.000000  3.570707  2.192928  1.628283
2  1.444704  6.929293  4.224138  1.640404
2  1.983918  6.505051  3.926829  1.656566
2  1.000000  5.090909  2.964706  1.717172
2  1.000000  3.747475  2.234940  1.676768
2  1.000000  6.434343  4.021465  1.600000
2  1.721293  6.257576  3.337823  1.874747
2  1.230215  3.500000  2.187500  1.600000
2  1.183401  5.974747  3.061594  1.951515
2  1.000000  5.691919  3.557449  1.600000
2  2.346055  4.313131  2.559952  1.684848
2  1.578174  4.595960  2.701900  1.701010
2  1.000000  4.207071  2.107794  1.995960
2  2.718544  3.924242  2.187500  1.793939
2  1.026434  6.717172  3.544776  1.894949
2  1.000000  6.151515  3.844697  1.600000
2  1.942598  5.691919  3.557449  1.600000
2  2.249785  4.984848  2.559647  1.947475
2  1.135799  6.893939  3.717320  1.854545
2  1.166285  4.065657  2.145522  1.894949
2  2.408577  6.681818  3.845930  1.737374
2  1.653728  3.570707  2.069672  1.725253
2  1.427087  4.383838  2.546948  1.721212
2  1.060077  4.277778  2.291667  1.866667
2  1.000000  3.747475  2.065702  1.814141
2  1.007764  4.808081  2.793427  1.721212
2  1.000000  5.904040  3.232854  1.826263
2  1.000000  5.833333  3.065287  1.903030
2  2.387438  6.505051  3.515284  1.850505
2  1.000000  4.207071  2.491029  1.688889
2  1.025029  3.535354  1.771255  1.995960
2  1.685276  5.126263  2.838367  1.806061
2  1.672993  5.656566  3.218391  1.757576
2  1.449079  7.000000  4.164663  1.680808
2  2.113110  5.974747  3.734217  1.600000
2  1.000000  4.914141  2.875296  1.709091
2  1.131395  3.818182  2.109375  1.810101
2  1.000000  7.000000  3.579545  1.955556
2  1.931044  5.656566  3.333333  1.696970
2  4.072789  5.904040  3.599138  1.640404
2  3.300789  6.717172  3.372211  1.991919
2  1.118515  5.515152  3.362069  1.640404
2  1.000000  6.292929  3.596998  1.749495
2  1.290006  6.186869  3.628555  1.705051
2  2.299225  5.727273  3.579545  1.600000
2  1.000000  4.277778  2.673611  1.600000
2  1.000000  5.974747  3.152985  1.894949
2  1.000000  6.681818  4.176136  1.600000
2  1.261880  6.893939  4.308712  1.600000
2  1.000000  3.606061  1.965859  1.834343
2  1.338808  4.914141  2.576801  1.907071
2  1.183843  5.444444  3.155738  1.725253
2  2.115120  7.000000  4.375000  1.600000
2  1.848765  4.419192  2.278646  1.939394
2  1.000000  7.000000  4.375000  1.600000
2  1.289178  7.000000  4.375000  1.600000
2  1.000000  7.000000  4.375000  1.600000
2  2.017735  6.717172  3.735955  1.797980
2  1.000000  6.045455  3.778409  1.600000
2  2.793557  7.000000  4.375000  1.600000
2  2.200105  6.398990  3.999369  1.600000
2  1.009255  3.500000  2.187500  1.600000
2  1.841733  6.893939  4.308712  1.600000
2  2.452852  6.257576  3.910985  1.600000
2  1.092421  6.681818  3.518617  1.898990
2  1.000000  6.611111  4.131944  1.600000
2  1.000000  4.419192  2.259814  1.955556
2  1.206401  7.000000  3.500000  2.000000
2  2.480036  4.065657  2.541035  1.600000
2  1.493655  3.888889  2.394279  1.624242
2  1.000000  4.242424  2.151639  1.971717
2  1.000000  4.489899  2.426310  1.850505
2  1.231841  4.171717  2.574813  1.620202
2  1.321201  5.939394  3.712121  1.600000
2  1.000000  3.747475  2.070312  1.810101
2  1.000000  6.257576  3.527904  1.773737
2  1.038658  7.000000  4.375000  1.600000
2  1.063780  6.787879  3.971631  1.709091
2  2.681960  3.747475  1.885163  1.987879
2  1.000000  5.797980  3.623737  1.600000
2  1.409898  4.525253  2.772277  1.632323
2  1.304722  4.914141  2.923678  1.680808
2  1.367909  6.080808  3.688725  1.648485
2  1.000000  5.691919  3.557449  1.600000
2  1.000000  7.000000  4.375000  1.600000
2  1.337738  5.691919  2.959559  1.923232
2  3.374439  3.818182  2.019231  1.890909
2  1.000000  4.702020  2.455169  1.915152
2  1.000000  6.045455  3.288462  1.838384
2  1.271024  7.000000  4.375000  1.600000
2  1.046417  5.020202  3.037897  1.652525
2  4.518770  6.929293  3.951613  1.753535
2  1.162500  3.606061  2.109929  1.709091
2  1.548047  5.585859  3.491162  1.600000
2  2.934978  5.656566  3.189066  1.773737
2  1.840150  6.469697  4.043561  1.600000
2  1.627643  6.787879  3.775281  1.797980
2  1.308065  7.000000  4.375000  1.600000
2  1.000000  7.000000  3.528513  1.983838
2  1.323152  7.000000  4.375000  1.600000
2  1.480202  5.196970  3.121966  1.664646
2  1.000000  4.489899  2.584302  1.737374
2  1.260097  5.868687  2.976434  1.971717
2  1.000000  6.540404  3.296843  1.983838
2  1.596824  5.090909  2.831461  1.797980
2  1.067687  4.030303  2.518939  1.600000
2  2.434370  7.000000  3.609375  1.939394
2  1.024613  5.196970  2.998252  1.733333
2  2.122240  5.621212  3.281250  1.713131
2  1.000000  7.000000  4.375000  1.600000
2  1.500321  6.505051  3.279022  1.983838
2  1.081255  5.833333  3.437500  1.696970
2  1.000000  7.000000  4.375000  1.600000
2  1.000000  4.313131  2.214730  1.947475
2  1.000000  3.535354  2.182045  1.620202
2  1.000000  7.000000  4.375000  1.600000
2  1.000000  7.000000  4.375000  1.600000
2  1.802536  4.207071  2.112069  1.991919
2  1.000000  3.747475  1.952632  1.919192
2  1.049678  5.161616  3.226010  1.600000
2  1.615304  3.994949  2.042872  1.955556
2  3.056661  6.717172  4.198232  1.600000
2  1.513991  6.328283  3.702719  1.709091
2  1.401894  3.676768  1.903766  1.931313
2  1.000000  6.681818  3.872951  1.725253
2  1.298435  4.313131  2.266454  1.903030
2  2.250409  3.818182  2.032258  1.878788
2  2.148372  6.681818  3.845930  1.737374
2  1.710497  6.575758  3.784884  1.737374
2  1.184879  6.328283  3.955177  1.600000
2  1.576810  6.823232  4.264520  1.600000
2  1.000000  6.858586  4.286616  1.600000
2  6.647550  5.161616  2.672594  1.931313
2  1.116667  4.772727  2.567935  1.858586
2  1.308779  5.055556  2.863272  1.765657
2  1.202248  3.500000  1.991379  1.757576
2  1.000000  5.762626  3.601641  1.600000
2  1.001388  6.929293  4.330808  1.600000
2  1.502515  6.964646  4.008721  1.737374
2  1.555882  6.186869  3.866793  1.600000
2  1.000000  7.000000  4.375000  1.600000
2  1.167029  4.030303  2.403614  1.676768
2  1.377670  4.560606  2.668440  1.709091
2  1.397607  6.186869  3.698671  1.672727
2  2.820973  7.000000  3.709850  1.886869
2  3.606827  5.126263  3.203914  1.600000
2  1.787678  5.303030  3.314394  1.600000
2  1.000000  4.207071  2.303650  1.826263
2  1.000000  7.000000  4.375000  1.600000
2  1.019258  5.656566  3.535354  1.600000
2  1.198523  6.823232  4.030430  1.692929
2  1.000000  5.868687  3.157609  1.858586
2  1.375425  3.782828  1.914622  1.975758
2  1.000000  4.595960  2.670188  1.721212
2  2.496721  6.893939  4.297859  1.604040
2  1.000000  6.080808  3.202128  1.898990
2  1.857190  7.000000  4.375000  1.600000
2  1.147277  6.328283  3.792373  1.668687
2  1.016346  6.540404  3.317111  1.971717
2  1.000000  5.196970  2.707895  1.919192
2  1.128629  5.020202  3.137626  1.600000
2  1.582472  6.540404  3.678977  1.777778
2  1.447467  5.656566  3.023758  1.870707
2  1.000000  4.171717  2.187500  1.907071
2  2.188876  4.207071  2.444249  1.721212
2  1.000000  5.444444  3.402778  1.600000
2  2.119675  5.373737  2.935982  1.830303
2  2.344018  5.868687  3.409624  1.721212
2  1.309508  7.000000  4.375000  1.600000
2  1.171761  3.500000  2.187500  1.600000
2  1.013632  5.409091  2.766012  1.955556
2  1.968207  3.888889  2.353301  1.652525
2  1.615309  6.717172  3.537234  1.898990
2  1.191241  5.444444  3.246988  1.676768
2  1.000000  7.000000  4.375000  1.600000
2  1.000000  3.676768  1.838384  2.000000
2  1.918853  4.737374  2.505342  1.890909
2  2.463731  6.964646  4.352904  1.600000
2  1.409079  4.949495  2.546778  1.943434
2  3.393095  6.186869  3.857053  1.604040
2  1.692678  6.929293  3.951613  1.753535
2  1.027492  4.065657  2.297374  1.769697
2  1.000000  6.292929  3.933081  1.600000
2  1.257611  5.303030  3.209046  1.652525
2  1.643610  3.959596  1.979798  2.000000
2  1.092280  5.373737  3.358586  1.600000
2  1.000000  6.964646  3.546811  1.963636
2  2.383234  6.505051  3.530702  1.842424
2  2.420525  7.000000  4.256757  1.644444
