  0.000000   5.765761   3.128989   2.800000
  7.000000   5.765761   3.128989   2.800000
  7.000000   5.739173   3.111910   2.800000
 15.000000   5.739173   3.111910   2.800000
 15.000000   5.690291   3.133712   2.800000
 17.000000   5.690291   3.133712   2.800000
 17.000000   5.685170   3.159243   2.800000
 18.000000   5.685170   3.159243   2.800000
 18.000000   5.690105   3.181510   2.800000
 19.000000   5.690105   3.181510   2.800000
 19.000000   5.702533   3.213280   2.800000
 20.000000   5.702533   3.213280   2.800000
 20.000000   5.714962   3.245049   2.800000
 21.000000   5.714962   3.245049   2.800000
 21.000000   5.727390   3.276818   2.800000
 22.000000   5.727390   3.276818   2.800000
 22.000000   5.739819   3.308588   2.800000
 23.000000   5.739819   3.308588   2.800000
 23.000000   5.765162   3.348181   2.800000
 24.000000   5.765162   3.348181   2.800000
 24.000000   5.803418   3.395598   2.800000
 25.000000   5.803418   3.395598   2.800000
 25.000000   5.841675   3.443016   2.800000
 26.000000   5.841675   3.443016   2.800000
 26.000000   5.879932   3.490433   2.800000
 27.000000   5.879932   3.490433   2.800000
 27.000000   5.918188   3.537851   2.800000
 28.000000   5.918188   3.537851   2.800000
 28.000000   5.974674   3.589486   2.800000
 29.000000   5.974674   3.589486   2.800000
 29.000000   6.049388   3.645338   2.800000
 30.000000   6.049388   3.645338   2.800000
 30.000000   6.124103   3.701191   2.800000
 31.000000   6.124103   3.701191   2.800000
 31.000000   6.198817   3.757043   2.800000
 32.000000   6.198817   3.757043   2.800000
 32.000000   6.273531   3.812895   2.800000
 33.000000   6.273531   3.812895   2.800000
 33.000000   6.369178   3.868772   2.800000
 34.000000   6.369178   3.868772   2.800000
 34.000000   6.485758   3.924673   2.800000
 35.000000   6.485758   3.924673   2.800000
 35.000000   6.602338   3.980575   3.300000
 36.000000   6.602338   3.980575   3.300000
 36.000000   6.718917   4.036476   3.300000
 37.000000   6.718917   4.036476   3.300000
 37.000000   6.835497   4.092377   3.300000
 38.000000   6.835497   4.092377   3.300000
 38.000000   6.958772   4.142317   3.300000
 39.000000   6.958772   4.142317   3.300000
 39.000000   7.088741   4.186294   3.300000
 40.000000   7.088741   4.186294   3.300000
 40.000000   7.218711   4.230272   3.300000
 41.000000   7.218711   4.230272   3.300000
 41.000000   7.348680   4.274249   3.300000
 42.000000   7.348680   4.274249   3.300000
 42.000000   7.478650   4.318227   3.300000
 43.000000   7.478650   4.318227   3.300000
 43.000000   7.575978   4.349188   3.300000
 45.000000   7.575978   4.349188   3.300000
 45.000000   7.705352   4.385080   3.300000
 47.000000   7.705352   4.385080   3.300000
 47.000000   7.834726   4.420971   3.300000
 52.000000   7.834726   4.420971   3.300000
 52.000000   7.969549   4.445534   3.300000
133.000000   7.969549   4.445534   3.300000
133.000000   7.754820   4.468642   3.300000
143.000000   7.754820   4.468642   3.300000
143.000000   7.762611   4.491343   3.300000
153.000000   7.762611   4.491343   3.300000
153.000000   7.781578   4.514771   3.300000
161.000000   7.781578   4.514771   3.300000
161.000000   7.799103   4.539672   3.300000
173.000000   7.799103   4.539672   3.300000
173.000000   7.810772   4.564067   3.300000
182.000000   7.810772   4.564067   3.300000
182.000000   7.834189   4.586910   3.300000
198.000000   7.834189   4.586910   3.300000
198.000000   7.941719   4.610632   3.300000
242.000000   7.941719   4.610632   3.300000
242.000000   8.196740   4.634812   3.300000
260.000000   8.196740   4.634812   3.300000
260.000000   8.297598   4.658395   3.300000
280.000000   8.297598   4.658395   3.300000
280.000000   8.406556   4.682527   3.300000
292.000000   8.406556   4.682527   3.300000
292.000000   8.469294   4.706950   3.300000
308.000000   8.469294   4.706950   3.300000
308.000000   8.551716   4.731442   3.300000
398.000000   8.551716   4.731442   3.300000
398.000000   8.786910   4.759603   3.300000
400.000000   8.786910   4.759603   3.300000
400.000000   8.839246   4.785539   3.300000
402.000000   8.839246   4.785539   3.300000
402.000000   8.891582   4.811474   3.300000
404.000000   8.891582   4.811474   3.300000
404.000000   8.945373   4.837364   3.300000
406.000000   8.945373   4.837364   3.300000
406.000000   8.999649   4.863240   3.300000
409.000000   8.999649   4.863240   3.300000
409.000000   9.053716   4.887754   3.300000
429.000000   9.053716   4.887754   3.300000
429.000000   9.131133   4.914269   3.300000
436.000000   9.131133   4.914269   3.300000
436.000000   9.175828   4.938975   3.300000
444.000000   9.175828   4.938975   3.300000
444.000000   9.219284   4.964942   3.300000
457.000000   9.219284   4.964942   3.300000
